Best Hyperparameters:
HIDDEN_DIM: 112
LEARNING_RATE: 0.0006307693016551079
DROPOUT_RATE: 0.2609464876041247
BATCH_SIZE: 32
NUM_LAYERS: 4
