Best Hyperparameters:
HIDDEN_DIM: 85
LEARNING_RATE: 0.0005896570148489109
DROPOUT_RATE: 0.3456454303043538
BATCH_SIZE: 32
NUM_LAYERS: 2
