Best Hyperparameters:
HIDDEN_DIM: 190
LEARNING_RATE: 0.00019412074658083943
DROPOUT_RATE: 0.19662673919363355
BATCH_SIZE: 16
NUM_LAYERS: 4
