Best Hyperparameters:
HIDDEN_DIM: 218
LEARNING_RATE: 0.0003152068030718919
DROPOUT_RATE: 0.13432555162971827
BATCH_SIZE: 16
NUM_LAYERS: 3
