Best Hyperparameters:
HIDDEN_DIM: 218
LEARNING_RATE: 0.0007823604576922791
DROPOUT_RATE: 0.12297723357454979
BATCH_SIZE: 16
NUM_LAYERS: 4
